0701.0977200
0688.4405500
0673.9420200
0661.5133100
0647.0955200
0630.3485100
0615.9152200
0600.3583400
0585.0022000
0579.4771100
0570.9900500
0559.7625100
0549.1898800
0540.8740800
0533.4835800
0521.6258500
0513.0587200
0502.9027100
0494.0437000
0483.9242200
0477.5535600
0473.7997100
0465.9773600
0457.9458900
0450.1704700
0442.3681600
0434.5866100
0423.7531700
0413.7854300
0412.8032800
0406.5757800
0398.8173200
0393.2879000
0386.9164700
0381.6266200
0375.1955600
0368.3779000
0362.5014300
0357.5986300
0352.7128300
0346.4145800
0340.0480700
0333.4302400
0326.7706000
0322.5255100
0317.0541400
0312.7195700
0308.0594500
0302.2049300
0297.2664800
0293.6334200
0286.8193100
0285.1536900
0282.6711700
0278.7229900
0274.7214400
0270.0592700
0265.4904800
0259.7024500
0252.9901400
0247.9665800
0247.3161900
0243.5578900
0239.2025100
0238.2892300
0231.8046700
0226.4994800
0225.9151900
0222.1612200
0214.9945700
0209.2611700
0209.3481400
0205.5763500
0201.0343500
0196.8446700
0190.1153400
0185.3017900
0185.2086900
0183.1641200
0180.1115900
0176.5158400
0173.7081500
0170.5311400
0166.7665900
0160.3739200
0158.4520400
0157.6119100
0154.2836000
0151.7452700
0148.0025200
0141.3321500
0140.0677500
0139.3862000
0137.8399700
0136.8744000
0134.4634900
0131.2000700
0127.0641300
0123.2545700
0124.5394500
0122.6271100
0120.4438600
0118.7264400
0117.0089600
0115.5393200
0113.8899400
0111.2947400
0109.0679600
0107.7366100
0106.2660100
0104.0521900
0102.4911000
0100.9266100
0098.9875410
0097.5462340
0096.3145070
0094.4693600
0093.0740360
0091.8001790
0090.3835370
0088.4274750
0084.7991640
0084.8290250
0084.2811280
0083.3958050
0081.8947220
0080.6165010
0079.6270520
0078.4029540
0077.0951690
0075.8423390
0074.6187520
0073.6572270
0072.3994980
0071.1872860
0069.8575590
0069.1801380
0067.8805470
0066.3768770
0065.7142640
0064.9601210
0063.4331130
0062.8305550
0061.8189510
0060.4986650
0059.9053040
0059.4211270
0058.2065010
0057.1797490
0056.7058790
0055.8928870
0054.6730000
0054.0403560
0053.5133510
0052.4874190
0051.6942290
0051.3961410
0050.7019460
0049.9020000
0049.4430540
0048.6880070
0047.7852520
0047.1962050
0046.5971110
0046.1327290
0045.2567060
0044.6949010
0044.3331450
0043.7359010
0042.4362450
0041.5274280
0041.6910290
0041.3112070
0040.7437970
0040.1211890
0039.8253970
0039.4825440
0038.9809880
0038.4917680
0037.9842380
0037.5001370
0037.0468670
0036.5916210
0035.9902840
0035.3465270
0035.1112820
0034.7197610
0034.3761330
0033.9410210
0033.5143780
0033.1039390
0032.6973650
0032.2728420
0031.8438590
0031.4662720
0030.9559350
0030.4309770
0030.2867550
0029.9660340
0029.6013980
0029.2502000
0028.8286570
0028.4944020
0028.1689800
0027.8400000
0027.5493300
0027.2340740
0026.9012220
0026.5664250
0026.1946750
0025.9364510
0025.6222920
0025.2863030
0024.7445220
0024.5245490
0024.4237520
0024.1316220
0023.8753570
0023.5815940
0023.3145600
0023.0587180
0022.7054520
0022.4632970
0022.2814250
0022.0460550
0021.7274360
0021.5171490
0021.2560880
0021.0432470
0020.8308240
0020.5902400
0020.3634410
0020.1387120
0019.9225180
0019.6755160
0019.4444310
0019.2618080
0019.0324840
0018.8242840
0018.5837630
0018.2434390
0018.0014740
0017.9688360
0017.6791760
0017.6014390
0017.4209000
0017.2268830
0017.0649740
0016.8447930
0016.6711390
0016.5143570
0016.2591480
0016.0776440
0015.9601400
0015.8218040
0015.6786650
0015.5338050
0015.3714970
0015.2027740
0015.0231670
0014.8755740
0014.7267130
0014.5834260
0014.4435090
0014.2923970
0014.1458440
0013.9719350
0013.8546200
0013.6910450
0013.5545420
0013.4113160
0013.2979160
0013.1627040
0013.0354620
0012.9253850
0012.8041730
0012.6622230
0012.5102670
0012.3446010
0012.2169610
0012.1223270
0011.9575550
0011.8530460
0011.6419880
0011.5449010
0011.5001110
0011.4208480
0011.1667100
0010.9839940
0011.0117010
0010.9780210
0010.8629520
0010.7713150
0010.6638650
0010.5726860
0010.4740230
0010.3980170
0010.3069020
0010.2055410
0010.1231220
0010.0062240
0009.9028559
0009.8258972
0009.7221413
0009.6380920
0009.5622492
0009.4816027
0009.3952017
0009.3047752
0009.2092800
0009.0943041
0009.0243835
0008.9532242
0008.8516655
0008.7421293
0008.6776743
0008.6109638
0008.5178194
0008.4735460
0008.3856812
0008.2201023
0008.1552849
0008.1472254
0008.1055861
0008.0296535
0007.9667153
0007.9046950
0007.8296714
0007.7711701
0007.6942811
0007.6171041
0007.5467606
0007.4952950
0007.4186268
0007.3516593
0007.2883034
0007.1962981
0007.1330528
0007.1115313
0007.0644464
0006.9963179
0006.9245791
0006.8745036
0006.8182564
0006.7640786
0006.6847034
0006.5135188
0006.4054227
0006.3940535
0006.3600144
0006.3117728
0006.2360191
0006.0797839
0005.9943371
0005.9718194
0005.9441280
0005.9093380
0005.8343620
0005.6963720
0005.6287470
0005.6218076
0005.5992465
0005.5645065
0005.5164247
0005.4174595
0005.3432970
0005.3292918
0005.3116226
0005.2790003
0005.2292829
0005.1527638
0005.0814815
0005.0633621
0005.0427361
0005.0175180
0004.9746509
0004.9243279
0004.8499341
0004.8175783
0004.8050866
0004.7777634
0004.7519875
0004.7207432
0004.6546192
0004.5875640
0004.5815592
0004.5733609
0004.5510397
0004.5270514
0004.4941959
0004.4521098
0004.4177942
0004.3976092
0004.3673120
0004.3364387
0004.3050756
0004.2672348
0004.2251687
0004.1949749
0004.1664200
0004.1365299
0004.1148286
0004.0935397
0004.0690289
0004.0393705
0004.0043759
0003.9700632
0003.9343200
0003.9086456
0003.8875470
0003.8631036
0003.8310547
0003.7963946
0003.7675819
0003.7418461
0003.7149496
0003.6901364
0003.6670990
0003.6423326
0003.6133332
0003.5846996
0003.5562909
0003.5303166
0003.5095685
0003.4902482
0003.4720774
0003.4471908
0003.4201047
0003.3934944
0003.3659639
0003.3400521
0003.3147202
